4.533699495512407 2.262354287661438 1.7246439339415989 0.23737838842168696 0
5.142784141333367 3.7715517981692943 1.1419344589317793 0.3931941673676337 0
5.078191436674506 3.54239494329993 1.6393748070968437 0.6608715709248006 0
4.953657395476053 3.2679888029752178 1.5164716886665655 0.10659283527698306 0
5.3241901029795695 3.721043535331897 1.3660414830600651 0.1582264049629552 0
6.7989180290800135 2.4580347697843608 4.84682087714839 1.6488434004284627 1
4.944858528125522 3.569812402131681 1.3650677824864292 0.1331808529598278 0
4.939260074796122 3.6652808185704147 1.881098485048542 0.22773450808761098 0
4.738175865401054 3.1701426202803136 1.7077677121584258 0.5821078321812092 0
5.167813531624535 2.416560447082807 3.7229687974552985 1.125189509016012 1
5.405949323139294 3.9360475674843807 1.5133913693991468 0.3787615418732473 0
4.87620619867249 3.008589400351016 1.3500633723919298 0.14096828187788124 0
5.156336611808295 3.5273612692344045 1.3137478108027247 0.08835427815984478 0
4.993767447399969 3.7739397401083608 1.3746123299598694 0.35997659248142777 0
4.685718968824495 3.5700239584649553 0.9747482387173189 0.1765078479806778 0
6.4440247287738766 2.859597627088484 4.4698068919156615 1.353495154435688 1
6.2170351337374195 1.8769111579515096 4.094475849869523 1.028803240742465 1
7.196160090405062 2.8567354275719414 4.997695481417503 1.476828228744305 1
4.536926555280536 3.684044126225867 0.9384624184369056 0.1718676008468349 0
5.364676516787754 3.704455229006202 1.661487231215067 0.3426346821596759 0
4.316741791178824 2.9442519230057362 1.1608951588066287 0.18884202833848576 0
5.02812802220842 1.9568766789282759 3.6318257239588156 1.1232700416241435 1
4.876751170280805 2.7353158586573443 4.175459078946713 1.405881182908151 1
4.901595517655667 3.301159817684752 1.3918113497466138 0.028579273489922244 0
5.365642087526605 3.543598762295565 1.450887378234861 0.20667630885459937 0
5.160145928623493 3.4337391330544924 1.3019222423181867 0.3526649995410506 0
6.093286488445743 2.7656701743019223 4.1371103880641105 1.151159749037395 1
5.06299717810989 2.421562092957729 3.5625826164049728 1.1378011839588187 1
4.859886663444307 2.8807065503685547 1.602421651767565 0.3020004041457456 0
6.484235558363129 2.9263681054093666 4.377393657150897 1.4154517490746568 1
4.68142640614948 2.445417072489291 1.3425307061187024 0.28167804144496594 0
4.436737344182624 3.0601963028905184 1.1684436592856091 0.34593366361974054 0
5.050644101049854 3.4325317805816558 1.2036960512577808 0.26969778029426544 0
5.998360414125592 2.109357107303832 3.717433173737437 0.7541692633392746 1
6.204305416426644 3.3389203522512254 4.704121484638058 1.591780388199422 1
6.272546813347876 2.3154381455837267 4.2001251956687655 1.3597338327868118 1
4.861255150993814 3.5770481040853666 1.4540709259775528 0.2909153173379419 0
6.301463996044705 2.6205691222506085 4.46589985944226 1.2303108621224321 1
5.326651212605355 2.3776987518596204 3.38094388980142 0.9119826636773842 1
4.833262371022226 3.445330418047643 1.4134886951609658 0.2470872288719237 0
4.947559627795027 2.6324122197342623 3.563768083987439 0.9225157985282784 1
5.969708776036147 3.3104927736651395 4.8678576069610715 1.9853767443791883 1
5.916287363849603 2.1525542521854004 3.6416067915076002 1.0151669841982207 1
5.328939507172329 2.938042491547495 4.609731960785819 1.5342135931387726 1
6.47625906410256 2.740492990211728 4.576130214283083 1.6397512961429015 1
4.322087202355247 2.833894185772903 1.3659156562936614 0.22296187024284353 0
5.469227638316331 2.266783140324435 3.1611229624345847 0.9566204433656555 1
5.386653878213293 3.987708044117756 1.2691818697781097 0.17887748607739973 0
5.315040434460389 2.672188578716413 3.815434826529104 1.132790270600943 1
4.934316715270844 3.1085288610677924 1.395451129626499 0.125316081580405 0
7.150238809973839 3.2275387266987834 4.735670636457253 1.6812121449899982 1
5.359862880921373 3.4690633215685187 1.4699307380023339 0.1939732532927705 0
5.471385076810833 2.575616198970445 3.6126187314196416 1.1443065125854428 1
5.893728540403468 2.670754973666952 3.7423564035147656 1.1071569453439625 1
6.806622450472318 3.09781329261624 5.003747442833677 1.4807133993336912 1
4.582621625333418 3.2041628294197824 1.5176469822856367 0.2522167932438575 0
5.371685406140263 3.9705770993943603 1.663316094285339 0.25075881641174236 0
5.918602164748841 2.823128087393682 4.304904667832743 1.2333762070160477 1
5.144831570253625 3.4216669112956257 1.140371996880655 0.2154635567447243 0
5.630074638302561 2.802978191647026 3.464186245250404 1.322361401792447 1
6.977322148519841 3.3231727067385233 4.6994156529819975 1.5795632285874304 1
5.435317938667018 2.8999849418447923 3.8619666227087484 1.140744388039335 1
6.783963640149451 2.7002224344260526 4.721752946760801 1.2376761369513911 1
5.626049467728708 2.7871643764119973 4.44112382666431 1.317405867509834 1
4.960325509216998 3.116049765400163 1.7720148078697258 0.2987841316569819 0
5.401379914781291 3.953221814737923 1.5622734818702073 0.2662742742562384 0
5.2755160089704844 2.977033295570371 3.7387232701188857 1.337085314826071 1
4.571482239836111 2.085869742842908 1.3143053790524934 0.2926786666525874 0
5.233015611741671 3.9102910581456394 1.2787264850871591 0.3287694229020182 0
5.272831155941506 2.2771993501583134 3.6771264595307342 1.0173472975853466 1
6.17941968563666 3.1279284916948584 4.256539495194853 1.3514001731584657 1
6.2018352535879195 3.141771994704424 4.4918484070402025 1.5229635879372372 1
6.322765800279727 2.5498915175702814 4.87893492750927 1.6829448475446669 1
4.343874675407924 2.8603998708398026 1.4941532744881294 0.22122815880248173 0
5.823419860315735 2.607411823796052 4.5351664526830335 1.2370864251151925 1
3.88405815016141 1.52883832561756 1.284337772406029 0.1994883819658148 0
5.898577638653384 2.2226558975145294 4.404618695591664 1.2960020139377557 1
5.924654923534026 2.095999279244878 3.994976901621077 0.9963409532176329 1
5.603537170712232 2.9595538462780637 4.248959421006168 1.1955231073655628 1
6.677940886919786 2.995957531069957 4.875681738264815 1.440248153836831 1
5.232364258943883 2.8172768864865048 4.559625033418024 1.547046604192813 1
5.1480533823887535 4.171495994564305 1.4406798216110164 0.050549254977905675 0
4.545999018233437 2.595222235950156 1.4414950656283216 0.11065414940464788 0
4.551434090595315 3.372236959922599 1.0976836650045545 0.2260725381574014 0
5.24581875505624 4.01501790694983 1.4810341142191814 0.1891627983746561 0
4.737241338442994 3.3030849668789473 1.7153441980393258 0.5244768228902463 0
5.327419431468985 3.864019200548184 1.353094983983087 0.1364942635898564 0
5.12529167049953 3.3548713555886005 1.1078184701027565 0.2544414267827348 0
6.273721651610376 2.957878342504874 4.651294822721065 1.4544937890371255 1
6.094824490212104 3.173446280292274 4.723894076952197 1.4491477824657084 1
4.956198969945699 3.0060822891091146 1.1413867843511285 0.054353601235759996 0
5.449730699904623 2.665628067890647 3.712382708428798 1.2240590516871512 1
6.851197942861334 3.093706501323414 4.761051951005695 1.43268997538789 1
4.998831911595282 3.3207944533942726 1.3913757164763207 0.20425427730884718 0
7.2834165316334865 3.196540435237466 5.005109659020776 1.6187680001703657 1
5.800668399417009 3.1854764464879732 3.3154896050703986 1.2181750370810551 1
4.938511519097968 3.451773787425374 1.252980006941329 0.1369485434834819 0
4.666263878448419 2.9408536555801494 1.3895981532558683 0.11019473659859552 0
4.974305808611619 3.10224670064332 1.3857911489428287 0.3586554032046287 0
5.279982637208835 2.1013348071261126 3.703647239080578 1.1525646209182172 1