5.529533440842654 3.7793033282060864 1.7165067797801214 0.3081273322766505 0
5.004882826351586 2.346679005043789 3.993242996025968 1.3077157337654228 1
5.301036044644303 2.811313376764519 3.776397241005684 1.1851533788132436 1
7.150238809973839 3.2275387266987834 4.735670636457253 1.6812121449899982 1
6.419941709827028 2.681227253919739 4.425391236517842 1.1823726983820775 1
5.326651212605355 2.3776987518596204 3.38094388980142 0.9119826636773842 1
4.976972648515755 3.593657690562867 1.3815841927424066 0.3312979700169228 0
6.867470410628841 3.0514690881125706 4.945286318633228 1.5988982887172276 1
5.496910643117466 2.3672771212581654 4.042755200246551 1.3935399866870886 1
5.68193185916493 2.675142038626114 4.0503175858009 1.0660574387375668 1
5.752671700888527 2.7946421184432437 4.281531678114224 1.5075467061024306 1
5.41349721670092 2.499126211307383 4.380444727348621 1.203915295244928 1
6.508124306972882 2.9088647009556357 4.406388153824415 1.358184000606629 1
4.979599837556752 3.03137870066651 1.3969383324246842 0.14107087989598327 0
4.780410333608317 2.311605421028172 2.8723550866434517 0.7867290371288121 1
5.093256821831502 3.250403494778864 1.3666542400320032 0.32614297902713885 0
6.143471159101143 2.1945580547624295 4.1920711419866405 0.9730220284940055 1
5.3853837142392 2.6113260061489996 3.8594286601128847 1.2688604690988847 1
4.998831911595282 3.3207944533942726 1.3913757164763207 0.20425427730884718 0
4.967186607767938 2.290073450975617 2.728179505800738 0.7816258028434493 1
6.379487356043086 2.876130479072829 4.822901161311739 1.4609740513942597 1
6.214265610023816 3.142463652809899 4.259433185699374 1.5462931290317374 1
5.076027317461973 3.327711741794373 1.2769082312640492 0.18653605285847474 0
6.521384165162576 3.2062318111067243 5.027407276807603 1.6147232660422768 1
4.462727201428856 3.185593997014247 1.2851686302324552 0.14541349422665467 0
5.021976890104576 3.197070531820751 1.48944063123101 0.1711669121656561 0
4.787745751732747 2.497907726140376 3.5283308577116523 1.0815230872264756 1
6.272546813347876 2.3154381455837267 4.2001251956687655 1.3597338327868118 1
5.800668399417009 3.1854764464879732 3.3154896050703986 1.2181750370810551 1
5.148429525910321 3.456189481937981 1.3049678207258437 0.3844618804831178 0
5.233015611741671 3.9102910581456394 1.2787264850871591 0.3287694229020182 0
5.033643151930267 3.375984991466435 1.6246390798368566 0.36915060591191673 0
6.020555928251393 2.393603670144916 4.184053675279544 1.381397266182796 1
5.465355325048803 2.4590524937388336 3.8362244959939837 1.0206594808142688 1
5.401379914781291 3.953221814737923 1.5622734818702073 0.2662742742562384 0
5.061724373497885 2.065846006472972 3.0856244434875473 0.701643346879584 1
6.335017561293144 3.18384372563439 5.097482822778669 1.6785119543919578 1
5.60801362684572 3.670928002870891 1.8160153539386275 0.3094654509558871 0
5.883791435502002 2.829237317461423 4.919219459958429 1.4005204817787569 1
5.552332127010571 4.329858712726052 1.5653648839230738 0.31703909582710665 0
6.310925708460366 3.0914360707483226 5.274582810932263 1.7478285442053745 1
6.093668662831414 3.270748398889042 4.503332339495024 1.476874209857705 1
5.800369857920696 2.7564477401502834 3.8020487007783474 1.3689151100093773 1
6.121544061347805 2.8998837954406085 4.0987098478945745 0.9774355427369231 1
5.050644101049854 3.4325317805816558 1.2036960512577808 0.26969778029426544 0
5.6670982654353566 2.7377752693880115 4.653031851822999 1.2916830754725728 1
4.987899092267106 3.80064294941288 1.8960948000849984 0.4071795183933989 0
5.935620654471569 2.813268626112585 4.286961383325433 1.2162860270468128 1
4.891064980889387 2.2107287040752235 3.4497581528854524 0.938644445463749 1
6.093286488445743 2.7656701743019223 4.1371103880641105 1.151159749037395 1
5.916287363849603 2.1525542521854004 3.6416067915076002 1.0151669841982207 1
5.889924219547666 2.729757337653841 4.490484292559481 1.2033005011799696 1
5.651998318104358 2.6581066698397664 4.038022686505159 1.336545671622329 1
7.196160090405062 2.8567354275719414 4.997695481417503 1.476828228744305 1
4.838563959330598 3.352202911967806 1.0705821381096177 0.17260805842615048 0
4.571482239836111 2.085869742842908 1.3143053790524934 0.2926786666525874 0
5.543227472715524 3.437560914005236 1.6133009428700704 0.5673153644130469 0
5.167813531624535 2.416560447082807 3.7229687974552985 1.125189509016012 1
4.684334771758876 3.436899350117527 1.5304127234781346 0.3133666525100263 0
5.02812802220842 1.9568766789282759 3.6318257239588156 1.1232700416241435 1
4.323197522052385 1.957240202787848 1.2515541174445162 0.3124691151629212 0
6.100981171344767 2.7347187875596566 4.403065559024313 1.5162854478395293 1
6.677940886919786 2.995957531069957 4.875681738264815 1.440248153836831 1
6.47625906410256 2.740492990211728 4.576130214283083 1.6397512961429015 1
6.806622450472318 3.09781329261624 5.003747442833677 1.4807133993336912 1
5.579878172914735 3.0253425819774424 4.101883575387416 1.3605321900606842 1
6.322765800279727 2.5498915175702814 4.87893492750927 1.6829448475446669 1
6.101659551562735 3.160672081909497 4.389496966212594 1.2942170178529815 1
4.947559627795027 2.6324122197342623 3.563768083987439 0.9225157985282784 1
5.449730699904623 2.665628067890647 3.712382708428798 1.2240590516871512 1
5.37852283309461 3.9095504603254643 1.7359469013493054 0.44049129789283087 0
4.343597287732387 3.1059723825815153 1.257595208127666 0.23593796080142063 0
5.142784141333367 3.7715517981692943 1.1419344589317793 0.3931941673676337 0
5.700898445835434 2.474405367104016 4.089626497723278 1.4576903415381912 1
4.309837368118619 2.949571956055014 1.6953935317860127 0.14399106842965692 0
6.255018479767559 2.8545640754138235 4.388476074690344 1.4127766858926785 1
6.17941968563666 3.1279284916948584 4.256539495194853 1.3514001731584657 1
5.279982637208835 2.1013348071261126 3.703647239080578 1.1525646209182172 1
5.531067625035022 2.6200026355537376 3.8688925157745286 1.1745386651532077 1
5.673904765241486 3.7251146812313873 1.8438740181854771 0.38548197154994185 0
5.626049467728708 2.7871643764119973 4.44112382666431 1.317405867509834 1
5.7834111408083855 2.2334442391782185 3.7417198975682964 0.9808236507283243 1
6.087843993760478 2.6922165399108833 4.616271852940381 1.259476779046979 1
6.923690160464296 2.784844384057904 4.881404908111059 1.7169270093367706 1
5.139530333330873 2.677175092353499 3.8034344409721674 1.1479841516550364 1
5.399347768190954 2.5728021875168365 2.9762560702799714 1.1979139986133018 1
5.585138523955224 2.406397204263305 4.0606986138473875 0.8765649839158703 1
4.5344607145126 2.923163719420291 1.4355199456956276 0.4006053388877917 0
6.106653998789186 3.431423130834815 4.783069483639391 1.9373142773785563 1
3.88405815016141 1.52883832561756 1.284337772406029 0.1994883819658148 0
6.2018352535879195 3.141771994704424 4.4918484070402025 1.5229635879372372 1
5.823419860315735 2.607411823796052 4.5351664526830335 1.2370864251151925 1
6.547995174316677 2.372216972664457 4.52346062541126 1.2483867106099542 1
4.764444697335592 3.1220569525893334 1.7587478867889093 0.35738463822991595 0
4.993741026901986 2.4133615350818 4.017105901249935 1.075733036652064 1
5.471385076810833 2.575616198970445 3.6126187314196416 1.1443065125854428 1
5.370663007887081 3.4265868794632612 1.4658387910264887 0.14923807363689104 0
5.989293689728808 4.263200681184677 1.1938562154170103 0.1844322197763123 0
6.060870615964421 2.450879717789955 4.126580441723779 1.0899973354417236 1
5.366669062007683 4.207551076305892 1.6495359385413577 0.12874845701792262 0
4.68142640614948 2.445417072489291 1.3425307061187024 0.28167804144496594 0
6.051983448277802 3.0846147117810774 4.71682332274799 1.4878781089831223 1
6.993580786143928 3.2308871675287896 4.987436594146398 1.663949358009007 1
5.210354546665771 2.711939551277239 3.805597202953813 1.1694776839266325 1
6.382774823864429 2.7053704009813933 4.702103944846254 1.3875082231235294 1
5.364487097865916 3.721665817738736 1.5407079354492574 0.14422977959825284 0
6.372990666405263 2.8807145785764585 4.071720288303902 1.2890561070261741 1
5.356555677937013 2.473869589886067 3.756181114143352 1.1351775608647094 1
4.2716247213590846 2.873407097765914 1.095559577228719 0.01627736232010038 0
5.581752031663003 3.8353508500922415 1.53991649591348 0.27542327558133584 0
5.603645897136601 3.157178032909481 4.658311818835759 1.5246635031282882 1
7.323852250908557 3.0371174923055384 5.024257756441345 1.4270924239157468 1
5.365642087526605 3.543598762295565 1.450887378234861 0.20667630885459937 0
4.960325509216998 3.116049765400163 1.7720148078697258 0.2987841316569819 0
6.432049091466204 2.986661722178616 5.010886082016626 1.732945063691298 1
5.969708776036147 3.3104927736651395 4.8678576069610715 1.9853767443791883 1
6.632068898562342 3.2533890671268106 4.376259628779815 1.448818508618457 1
6.311875600487907 3.4312245683400016 4.623719212392898 1.5683931881427646 1
7.9396303747724986 3.68836852163447 5.296391177230115 1.662874056290242 1
6.549562455870139 2.7670437737060207 4.9155096124407995 1.5356313210714043 1
5.412181028776719 3.762649825217369 1.3087840665623915 0.21829506904483542 0
6.12650235695248 2.6353169368135956 4.342360954602791 1.1726674950216238 1
6.010235854787886 2.5487309495940336 4.035456786574393 1.0940968716015562 1
5.769999356614209 3.7361098871059037 1.619422942907881 0.17021133499872357 0
5.690584496992449 3.0214860050101726 3.988378111820604 1.514206097334546 1
5.479827492600761 2.4195600558896473 4.204588371719094 0.976639276469453 1
5.920147817329796 2.9498545417220097 3.5544524853155957 1.1053504939425804 1
5.117262080136052 3.228157662411137 1.6050018427003787 0.11877925781509034 0
5.5445454547881035 2.9973515153098194 4.576948860318003 1.7225277909547798 1
6.123386475749261 2.8136590949442035 4.096743806829371 1.432869674802908 1
4.582621625333418 3.2041628294197824 1.5176469822856367 0.2522167932438575 0
5.431183484265715 2.585559057831488 3.8229161592718843 0.822171912046105 1
6.097990914823597 3.0363153116506756 4.486496364458535 1.42283388948457 1
4.790460195030128 3.4122177540994696 1.5740785971151428 0.2955650217414178 0
4.830979956936617 3.126524131640575 1.3405256924228792 0.07878359674719487 0
6.159561442994626 2.7284524526991225 4.149825885457179 1.0681679431628774 1
5.026335586640464 3.364341464900119 1.5860613306984466 0.5101823475731122 0
5.112549660852757 3.8332502193583635 1.5235165441551028 0.4412156518803565 0
4.343874675407924 2.8603998708398026 1.4941532744881294 0.22122815880248173 0
6.204305416426644 3.3389203522512254 4.704121484638058 1.591780388199422 1
6.737011805740504 3.2219267928462876 4.957562214277003 1.1974269943629443 1
4.552235060415996 2.6051920227883754 1.2237325044590954 0.17285032038987408 0
5.435317938667018 2.8999849418447923 3.8619666227087484 1.140744388039335 1
5.317171516596121 2.9033804593582717 3.400851498450872 0.9182660689472105 1
4.859886663444307 2.8807065503685547 1.602421651767565 0.3020004041457456 0
6.640287801964334 3.281630103259326 4.944422694191571 1.6622753378376947 1
5.315040434460389 2.672188578716413 3.815434826529104 1.132790270600943 1
4.834826423375342 2.3019144093839143 2.905747062829152 0.9531187269988969 1
5.730805655230808 2.805354283575089 4.115203770921734 1.2234274119196786 1
3.7178770283127136 2.602745592996722 1.0462447914861055 0.0219034114865949 0
5.357569886664058 3.8464442251921436 1.2915999625465282 0.35181670351235217 0
4.967663774829266 3.139988746980879 1.2714390164466165 0.09731003272263943 0
5.272087167712689 2.482142850273129 2.8967198845217275 1.0806905485313074 1
5.197936067704625 3.47636990712801 1.647046574485806 0.1729355186937517 0
5.201615393736498 3.5414736623472995 1.5049387260855136 0.35556511300273186 0
4.719579576711739 3.1906884761110974 1.5478439217422522 0.21810738270300317 0
3.918126565227664 2.9621425534735466 1.1836434833812222 0.16038966138251587 0
5.629869351469304 2.9885551047971695 4.84145533644225 1.9050411110820187 1
6.528415853383748 2.9376493171771294 4.661228427171979 1.538562336603049 1
5.220407278853491 2.4557743531437453 3.8493200188153778 1.271501325279687 1
5.413820565870798 2.990183907942285 3.882384031391968 1.2075606077106873 1
5.918602164748841 2.823128087393682 4.304904667832743 1.2333762070160477 1
5.058659295512783 3.3082047300958224 1.6828325809418556 0.27061108247446514 0
4.912902102566229 3.362184956690189 1.4835926553433427 0.6866509611151248 0
4.737241338442994 3.3030849668789473 1.7153441980393258 0.5244768228902463 0
5.258307674687126 2.625004954729085 4.090131077296651 1.2122764663636825 1
5.805839726060128 2.293967907874929 4.176230141050394 1.3088801654728306 1
5.924654923534026 2.095999279244878 3.994976901621077 0.9963409532176329 1
4.677154694403295 2.9532716270686783 1.6659733359761577 0.1904443703725664 0
4.862394534409167 3.110215614896338 1.4560180014801574 0.12843373176044534 0
5.590613150628816 2.897482375523658 4.210484336462403 1.4585969414575304 1
4.685718968824495 3.5700239584649553 0.9747482387173189 0.1765078479806778 0
6.151210162108619 3.348244981556787 4.407506590497535 1.5609383300859756 1
5.052189255975876 3.1479187127607196 1.0947604215733318 0.029319011195179434 0
6.471877734506656 2.9024782495695076 4.27117300413091 1.3442606121287073 1
6.758064827539711 3.4960359162232066 4.895400280393617 1.7743304141002436 1
6.924677951295454 3.1722610546272607 4.586104812802413 1.256243412929841 1
5.374836295275819 3.903941267129435 1.1696782936664445 0.15404181754482396 0
5.594614885564987 3.858762408795115 1.722224873291729 0.2096160661165496 0
5.831688396608668 2.6447955977614646 3.528877125901012 1.103426884928543 1
5.603537170712232 2.9595538462780637 4.248959421006168 1.1955231073655628 1
5.711661700442997 2.006653639931438 3.6861188742078026 0.7379274309933044 1
5.133120532538027 2.8552899173818695 3.2807732982636826 1.193446259642298 1
6.5535375108918625 3.3443206157949614 4.672014364748511 1.504817152300829 1
5.06299717810989 2.421562092957729 3.5625826164049728 1.1378011839588187 1
6.0109960998993355 2.8068253421113565 4.226000208016186 1.3546303295847208 1
4.938511519097968 3.451773787425374 1.252980006941329 0.1369485434834819 0
4.936036503937782 3.459800420651236 1.8493552518481358 0.325749326365916 0
5.649392067697756 2.570445756446365 3.904356171704135 1.1282351198683342 1
5.022729627830166 3.1626438221264443 1.4694194609325797 0.31833564032163714 0
6.399382580499371 2.307174863533543 4.378844133141574 1.209483258712224 1
4.890599615643726 2.151996205358964 3.4629990028402036 0.9837745385119431 1
5.994928858660597 2.782533821680411 3.8524959794659273 1.1798983213524463 1
4.827026568265257 3.052432572186789 1.5160507056846981 0.047012359138797255 0
4.733272992890908 3.221531123014088 1.6296199813703969 0.3708224131227437 0
4.939260074796122 3.6652808185704147 1.881098485048542 0.22773450808761098 0
4.861255150993814 3.5770481040853666 1.4540709259775528 0.2909153173379419 0
6.851197942861334 3.093706501323414 4.761051951005695 1.43268997538789 1
5.328939507172329 2.938042491547495 4.609731960785819 1.5342135931387726 1
4.316741791178824 2.9442519230057362 1.1608951588066287 0.18884202833848576 0
5.694183503778209 2.887659113368719 3.7889717958598217 1.1520543852888903 1
6.4440247287738766 2.859597627088484 4.4698068919156615 1.353495154435688 1
5.98705899901467 2.7255923105993696 4.238797944596763 1.0263314963306038 1
6.834504076960255 2.8756922648764434 4.375122120179327 1.2012359383441915 1
6.2170351337374195 1.8769111579515096 4.094475849869523 1.028803240742465 1
6.273721651610376 2.957878342504874 4.651294822721065 1.4544937890371255 1
4.378849405720918 3.1996597631131314 1.067359819459781 0.05498749590142383 0
5.754807508432437 2.758317661991302 4.706303666731627 1.3390129940958153 1
5.7391895420351124 4.269963638361037 1.849212928493721 0.3678659940765404 0
5.006105587098626 3.654706101314804 1.5353804293395754 0.2889213173590012 0
6.094824490212104 3.173446280292274 4.723894076952197 1.4491477824657084 1
4.977328739878263 3.1382879436442037 1.1850205336126391 0.2763154816644521 0
4.536926555280536 3.684044126225867 0.9384624184369056 0.1718676008468349 0
5.912260602637442 2.5380647670116496 4.559672222206836 1.1990419547027422 1
5.867028020038125 3.3255953563777743 5.070892579319733 1.5858422643932315 1
6.164913878732021 2.8570452947691027 4.330772496422339 1.3977091937965576 1
7.130684343912506 3.1941892626294535 4.6622484247613105 1.6171330749912782 1
4.942638447416551 2.6554996469221646 3.5453588413149064 1.057416355939044 1
5.828845948411202 3.9713479715082185 1.345888972660842 0.2540328474345443 0
5.469227638316331 2.266783140324435 3.1611229624345847 0.9566204433656555 1
6.301463996044705 2.6205691222506085 4.46589985944226 1.2303108621224321 1
7.31067453084159 3.070945485852791 4.9539840497038545 1.4875326661273474 1
5.364676516787754 3.704455229006202 1.661487231215067 0.3426346821596759 0
4.115758644349132 2.074721117185384 1.0860465053384445 0.36526139100273214 0
4.551434090595315 3.372236959922599 1.0976836650045545 0.2260725381574014 0
5.986152875768004 3.353816254435841 4.369377090119299 1.4896044173793135 1
7.14314330679141 3.4930260568470066 4.988420059238471 1.6739693300560838 1
4.718668872434603 3.6291630334462486 1.6619369020494204 0.26580333952059115 0
5.630074638302561 2.802978191647026 3.464186245250404 1.322361401792447 1
6.4967856204412024 2.9764550831055705 4.117312678520911 1.3900376769353098 1
4.846852628532548 3.2980517148761384 1.4176385920381795 0.2008535758979727 0
6.114041660908081 2.713878141482415 5.36544888733376 1.7514888075983488 1
6.105772867624492 3.009379714962065 4.619132489586975 1.450606744802223 1
5.471894806045589 4.2101845855177 1.7061139214193277 0.13162131842711053 0
7.2834165316334865 3.196540435237466 5.005109659020776 1.6187680001703657 1
5.203096773320414 2.1101900491488843 3.822307140196789 1.345130945548858 1
5.998360414125592 2.109357107303832 3.717433173737437 0.7541692633392746 1
5.24581875505624 4.01501790694983 1.4810341142191814 0.1891627983746561 0
6.213326998350191 2.1556354933117867 4.943506128525267 1.6690833773954323 1
5.427646010080728 3.0260585259596517 3.966898214264286 1.2037627992205993 1
5.853700259291574 2.940331670045471 4.068431584115688 1.1406560217143542 1
5.665912602786101 2.3498606602449077 4.128423047440428 1.4653520775133821 1
5.232364258943883 2.8172768864865048 4.559625033418024 1.547046604192813 1
6.241610584131106 2.72158334120195 3.888413330998731 1.207428959121741 1
4.302254284468364 3.1427789955128684 1.2699005438071889 0.24756456466020166 0
5.288281850803589 2.4362366106170654 3.6162855354299204 1.0407891543529446 1
4.93303452735331 2.3057150938243485 3.335889640320181 1.1393359513337649 1
6.159103071344403 2.4548707245572747 3.946382557104827 1.0967931813789704 1
6.484235558363129 2.9263681054093666 4.377393657150897 1.4154517490746568 1
5.265181301627628 3.5384056068236807 1.338438658947801 0.1999124067308571 0
5.395204192645232 3.872379552828437 1.3242652442332308 0.32802987891876095 0
7.439781685867263 3.040295676393625 5.1408568977337366 1.4180015205577148 1
4.27277530607027 2.9854815102843064 1.3145399577735946 0.1990023489988966 0
5.979588675308832 2.9047081356841904 3.951521820044698 1.1827583459725861 1
6.100579096831275 3.457001505399335 4.951846278784287 1.8118803398229582 1
4.900230476231842 3.53221328721753 1.6037577529833602 0.6803513343316994 0
4.776749314226624 3.3727119191284824 1.623873166708272 0.3761449680929356 0
4.987914473288351 3.259523468876091 1.6459992318075176 0.19781576017093574 0
6.783963640149451 2.7002224344260526 4.721752946760801 1.2376761369513911 1
4.706923008710865 3.283660270325313 1.4997703716031079 0.2710007276806485 0
5.2755160089704844 2.977033295570371 3.7387232701188857 1.337085314826071 1
5.046299696924931 3.051997022166143 1.7726089186884626 0.1781759028380897 0
4.7130475800287455 3.288109810129021 1.2991326343619678 0.23074225049973002 0
4.876751170280805 2.7353158586573443 4.175459078946713 1.405881182908151 1
5.58665071316165 2.738069036323235 3.8692957843086897 1.0064533927933097 1
5.04284800543104 2.150228078095623 3.540782163859167 1.0645738290803004 1
6.298639331170576 2.7967032890939483 4.853881347363295 1.3246600271756137 1
5.647784963130188 2.924399256900993 4.263934312216801 1.38594920703254 1
4.993767447399969 3.7739397401083608 1.3746123299598694 0.35997659248142777 0
5.92113527058307 3.0119067891109665 4.718924569790988 1.336050119600532 1
4.495819792767055 2.905753120283845 1.1981358966057893 0.2397693220444816 0
5.343317111239725 3.432188706975428 1.5722095476953042 0.27211460812661165 0
5.673660155977134 2.5534833369798036 3.819165707286363 1.1805037824896951 1
4.930098862417404 4.0918972085356895 1.8750738434127043 0.47063638273677255 0
6.977322148519841 3.3231727067385233 4.6994156529819975 1.5795632285874304 1
4.290521448693778 2.8711096837574095 1.130373424394501 0.1844806393314704 0
5.49382440616302 2.273664021221942 4.021403680068782 1.316317663718881 1
5.02647175740758 2.3224847986205845 3.6339752016315856 0.7754563624607425 1
4.488058865283587 3.079410025705516 1.620423313761327 0.2606046565028543 0
6.253375606281444 2.814155060624102 4.753438946882477 1.515117988873835 1
4.833262371022226 3.445330418047643 1.4134886951609658 0.2470872288719237 0
5.915258600739092 2.87379440529578 4.279110388139737 1.4300931492160072 1
6.520995644411055 3.6652588566670916 4.543171375775561 1.5850403109031486 1
4.322087202355247 2.833894185772903 1.3659156562936614 0.22296187024284353 0
5.529322608131292 2.418149770498177 3.3250341103526773 0.9855709840966554 1
5.651073955352326 2.231151503778851 4.229614539533261 1.2486118292886819 1
5.1480533823887535 4.171495994564305 1.4406798216110164 0.050549254977905675 0
5.272831155941506 2.2771993501583134 3.6771264595307342 1.0173472975853466 1
5.893728540403468 2.670754973666952 3.7423564035147656 1.1071569453439625 1
5.941217400903154 2.7874551548605195 4.289590942401505 1.2691778622478078 1
4.8326870669735555 3.0822363289443597 1.8292142244116363 0.20609611079988707 0
5.160558021449811 3.346506211872438 1.662761226559747 0.18909457845566896 0
6.3666977622583625 2.9592878259976665 4.281755029022133 1.3932594263348121 1
5.7324250107681705 2.952613063955419 4.278299398995765 1.4426585855585028 1
5.170320484141634 3.961595680633059 1.238508869150126 0.33783627984632236 0
5.941169663665786 2.791185202122911 4.537901781039298 1.3141450723993222 1
6.7989180290800135 2.4580347697843608 4.84682087714839 1.6488434004284627 1
5.67920520580302 4.278610930634552 1.3600611540691234 0.09856189668248719 0
6.565518437435196 2.909052432919654 4.589989865668873 1.4654617300818988 1
4.832084695217852 3.2728449936077277 1.2173508854017354 0.2754463277659194 0